%YAML:1.0
---
homography: !!opencv-matrix
   rows: 3
   cols: 3
   dt: d
   data: [ -2.1991007529957587, 1.6347297632888846, 587.43235601041442,
       0.43056941931212056, 10.424312257030287, -3553.2174790023132,
       -0.00014901748546504231, 0.0063900877942226911, 1. ]
width: 3.
height: 3.
